-0.0556                   -21553.197502643347
-0.055431515151515155     -21638.2182199075
-0.0552630303030303       -21723.238937172053
-0.05509454545454545      -21808.25965443618
-0.05492606060606061      -21893.280371700384
-0.05475757575757576      -21978.301088964814
-0.05458909090909091      -22063.321806228912
-0.05442060606060607      -22148.34252349322
-0.05425212121212121      -22233.363240757342
-0.05408363636363636      -22318.383958021583
-0.053915151515151506     -22403.404675285845
-0.053746666666666665     -22469.035013373636
-0.05358261562998405      -22709.062687354406
-0.05341856459330143      -22968.48074051156
-0.05325451355661881      -23227.89879366852
-0.05309046251993621      -23487.31684682569
-0.05292641148325358      -23746.73489998277
-0.05276236044657096      -24006.152953139903
-0.052598309409888355     -24265.571006296952
-0.052434258373205735     -24524.98905945411
-0.05227020733652312      -24784.407112611043
-0.0521061562998405       -25043.8251657684
-0.05194210526315789      -25300.940621717084
-0.05178248803827751      -25740.373067898116
-0.05162287081339712      -26182.108111287638
-0.051463253588516736     -26623.843154677583
-0.05130363636363636      -27065.578198067127
-0.05114401913875598      -27507.313241456664
-0.050984401913875585     -27949.048284846318
-0.05082478468899521      -28390.783328235957
-0.05066516746411482      -28832.518371625316
-0.05050555023923445      -29274.25341501486
-0.05034593301435406      -29715.988458404918
-0.05018631578947368      -30135.753927487873
-0.05003113237639554      -30752.693038303307
-0.04987594896331739      -31391.601723425578
-0.04972076555023923      -32030.51040854766
-0.0495655821371611       -32669.41909366974
-0.04941039872408294      -33308.327778791834
-0.04925521531100478      -33947.23646391378
-0.04910003189792664      -34586.14514903605
-0.04894484848484848      -35225.05383415817
-0.048789665071770336     -35863.96251928021
-0.04863448165869218      -36502.87120440221
-0.04847929824561403      -37130.76850003273
-0.048328548644338123     -37976.87952240245
-0.0481777990430622       -38834.00193426348
-0.048027049441786276     -39691.12434612464
-0.04787629984051037      -40548.24675798583
-0.04772555023923446      -41405.36916984689
-0.04757480063795853      -42262.49158170839
-0.04742405103668262      -43119.613993569
-0.04727330143540669      -43976.736405430514
-0.04712255183413078      -44833.85881729168
-0.04697180223285486      -45690.98122915283
-0.046821052631578944     -46531.4279159396
-0.04667473684210527      -47633.12346817979
-0.04652842105263158      -48751.49474549439
-0.04638210526315789      -49869.86602280886
-0.04623578947368421      -50988.23730012354
-0.046089473684210534     -52106.60857743796
-0.045943157894736845     -53224.979854752455
-0.04579684210526316      -54343.351132066644
-0.04565052631578947      -55461.72240938134
-0.045504210526315786     -56580.09368669547
-0.0453578947368421       -57698.46496401062
-0.045211578947368415     -58825.00359057181
-0.04506969696969697      -60253.89852984793
-0.044927814992025514     -61674.626119876746
-0.04478593301435407      -63095.353709906594
-0.04464405103668262      -64516.08129993589
-0.044502169059011165     -65936.80888996516
-0.04436028708133972      -67357.5364799947
-0.04421840510366827      -68778.26407002388
-0.04407652312599681      -70198.99166005301
-0.043934641148325355     -71619.71925008165
-0.04379275917065391      -73040.44684011178
-0.043650877192982454     -74412.53136219729
-0.043513429027113235     -76142.3699615331
-0.043375980861244015     -77920.85162881145
-0.043238532695374796     -79699.33329609071
-0.04310108452950558      -81477.81496336914
-0.042963636363636364     -83256.29663064846
-0.04282618819776714      -85034.77829792745
-0.04268874003189793      -86813.25996520641
-0.0425512918660287       -88591.74163248537
-0.04241384370015948      -90370.22329976519
-0.04227639553429025      -92148.70496704247
-0.04213894736842104      -93890.33715747355
-0.042005933014354055     -96037.58349299771
-0.04187291866028707      -98221.67930536853
-0.041739904306220085     -100405.77511773983
-0.04160688995215311      -102589.87093011296
-0.04147387559808612      -104773.96674248455
-0.041340861244019124     -106958.06255485569
-0.04120784688995216      -109142.15836722763
-0.041074832535885154     -111326.25417960058
-0.040941818181818176     -113510.34999197056
-0.04080880382775119      -115694.44580434191
-0.04067578947368421      -117844.13727117555
-0.04054720893141946      -120463.47879986088
-0.04041862838915471      -123117.22467408667
-0.04029004784688995      -125770.97054831193
-0.0401614673046252       -128424.71642253759
-0.040032886762360456     -131078.4622967633
-0.03990430622009569      -133732.20817098877
-0.03977572567783094      -136385.95404521428
-0.03964714513556618      -139039.6999194396
-0.039518564593301435     -141693.44579366464
-0.03938998405103667      -144347.19166789262
-0.03926140350877192      -146934.50897858583
-0.039137256778309405     -150055.1067130818
-0.03901311004784688      -153242.13301111103
-0.03888896331738436      -156429.15930913726
-0.03876481658692185      -159616.18560716498
-0.03864066985645933      -162803.21190519215
-0.0385165231259968       -165990.23820321908
-0.03839237639553429      -169177.2645012468
-0.03826822966507176      -172364.29079927359
-0.03814408293460925      -175551.31709730026
-0.038019936204146725     -178738.34339532902
-0.0378957894736842       -181820.94848400983
-0.03777607655502392      -185482.19576660905
-0.03765636363636363      -189247.86425855386
-0.03753665071770333      -193013.5327504989
-0.03741693779904305      -196779.2012424431
-0.037297224880382764     -200544.86973438787
-0.03717751196172247      -204310.53822633298
-0.037057799043062195     -208076.20671827722
-0.036938086124401893     -211841.87521022238
-0.03681837320574161      -215607.54370216682
-0.03669866028708132      -219373.2121941125
-0.03657894736842104      -223102.73715223547
-0.036463668261562984     -227448.8703913493
-0.03634838915470493      -231831.1471642857
-0.03623311004784688      -236213.42393722205
-0.03611783094098883      -240595.70071015792
-0.03600255183413077      -244977.97748309388
-0.03588727272727271      -249360.25425602833
-0.03577199362041467      -253742.53102896546
-0.035656714513556606     -258124.80780190032
-0.03554143540669856      -262507.084574836
-0.0354261562998405       -266889.36134777276
-0.03531087719298245      -271351.4504969675
-0.03520003189792663      -276486.62994794734
-0.0350891866028708       -281541.9970226695
-0.03497834130781498      -286597.3640973915
-0.03486749601275917      -291652.73117211356
-0.03475665071770334      -296708.0982468359
-0.034645805422647516     -301763.465321557
-0.0345349601275917       -306818.83239627734
-0.03442411483253587      -311874.1994710005
-0.034313269537480054     -316929.5665457214
-0.034202424242424236     -321984.9336204458
-0.03409157894736841      -327031.804636247
-0.03398516746411483      -332791.09195799875
-0.033878755980861236     -338558.8753386746
-0.033772344497607645     -344326.65871934796
-0.03366593301435406      -350094.4421000217
-0.03355952153110048      -355862.22548069345
-0.03345311004784688      -361630.0088613655
-0.0333466985645933       -367397.79224204074
-0.033240287081339706     -373165.5756227148
-0.03313387559808612      -378933.3590033864
-0.03302746411483253      -384701.14238406555
-0.03292105263157895      -390373.7143920104
-0.03281907496012759      -396766.92964872083
-0.032717097288676236     -403255.3562781554
-0.03261511961722488      -409743.78290759266
-0.03251314194577353      -416232.2095370298
-0.032411164274322175     -422720.63616646826
-0.03230918660287082      -429209.0627959038
-0.03220720893141947      -435697.4894253433
-0.03210523125996811      -442185.91605478025
-0.03200325358851675      -448674.34268422006
-0.031901275917065396     -455162.76931364875
-0.03179929824561404      -461548.2948816202
-0.03170175438596492      -468610.0088681504
-0.03160421052631579      -475774.6239161563
-0.03150666666666667      -482939.23896416224
-0.03140912280701755      -490103.8540121681
-0.031311578947368426     -497268.4690601749
-0.031214035087719298     -504433.0841081798
-0.031116491228070173     -511597.699156187
-0.031018947368421045     -518762.31420419354
-0.030921403508771924     -525926.9292521941
-0.030823859649122796     -533091.5443002085
-0.030726315789473675     -540246.0033867045
-0.030633205741626788     -547992.5201664164
-0.03054009569377989      -555749.1929076336
-0.030446985645933004     -563505.8656488559
-0.030353875598086118     -571262.5383900745
-0.03026076555023923      -579019.2111312923
-0.030167655502392334     -586775.8838725123
-0.030074545454545454     -594532.5566137319
-0.029981435406698557     -602289.229354951
-0.029888325358851664     -610045.902096167
-0.029795215311004777     -617802.5748373911
-0.02970210526315789      -625668.4013376269
-0.029613429027113235     -634090.6198150937
-0.029524752791068573     -642403.6845335517
-0.029436076555023914     -650716.749251998
-0.029347400318979262     -659029.8139704482
-0.029258724082934607     -667342.8786888995
-0.029170047846889945     -675655.9434073493
-0.02908137161084529      -683969.0081257975
-0.028992695374800623     -692282.0728442488
-0.028904019138755975     -700595.137562693
-0.028815342902711313     -708908.2022811531
-0.028726666666666657     -717285.1333555959
-0.02864242424242424      -726110.5742901326
-0.02855818181818181      -734872.1488686642
-0.028473939393939385     -743633.723447197
-0.028389696969696968     -752395.2980257322
-0.028305454545454543     -761156.8726042631
-0.028221212121212116     -769918.4471827989
-0.028136969696969695     -778680.0217613397
-0.028052727272727267     -787441.5963398702
-0.027968484848484847     -796203.1709183992
-0.027884242424242422     -804964.7454969353
-0.0278                   -813726.320075472
-0.0278                   -813646.2105632905
-0.027715757575757578     -823260.6898272729
-0.02763151515151515      -832875.1690912719
-0.027547272727272726     -842489.6483552532
-0.027463030303030305     -852104.1276192378
-0.02737878787878788      -861718.6068832274
-0.027294545454545453     -871333.0861472153
-0.027210303030303036     -880947.5654111952
-0.027126060606060605     -890562.0446751809
-0.02704181818181818      -900176.5239391684
-0.026957575757575753     -909791.0032031576
-0.026873333333333332     -919430.1434636859
-0.026790170940170943     -929721.7485909107
-0.026707008547008547     -939988.6927215722
-0.02662384615384615      -950255.6368522431
-0.02654068376068376      -960522.5809829178
-0.026457521367521372     -970789.5251135835
-0.026374358974358973     -981056.4692442622
-0.026291196581196583     -991323.4133749336
-0.026208034188034187     -1001590.357505604
-0.026124871794871798     -1011857.301636265
-0.026041709401709405     -1022124.2457669411
-0.025958547008547012     -1032472.7463650189
-0.02587646464646465      -1043381.7196726603
-0.025794382284382286     -1054209.136512905
-0.02571229992229992      -1065036.5533531322
-0.025630217560217564     -1075863.9701933821
-0.0255481351981352       -1086691.3870336218
-0.02546605283605283      -1097518.8038738589
-0.025383970473970476     -1108346.2207140976
-0.025301888111888108     -1119173.6375543403
-0.02521980574980575      -1130001.0543945679
-0.025137723387723382     -1140828.471234822
-0.02505564102564102      -1151708.3237257907
-0.02497463869463869      -1163049.9320738197
-0.02489363636363636      -1174339.1047711347
-0.024812634032634028     -1185628.2774684434
-0.0247316317016317       -1196917.4501657463
-0.024650629370629375     -1208206.6228630557
-0.024569627039627038     -1219495.7955603555
-0.02448862470862471      -1230784.9682576696
-0.024407622377622378     -1242074.140954971
-0.024326620046620052     -1253363.3136522688
-0.02424561771561772      -1264652.4863495901
-0.02416461538461539      -1275973.144636596
-0.02408469308469309      -1287560.491755256
-0.024004770784770785     -1299116.3532842153
-0.023924848484848486     -1310672.2148131682
-0.02384492618492619      -1322228.076342113
-0.02376500388500389      -1333783.9378710655
-0.023685081585081584     -1345339.7994000262
-0.023605159285159293     -1356895.6609289763
-0.02352523698523698      -1368451.5224579277
-0.023445314685314685     -1380007.383986867
-0.023365392385392387     -1391563.2455158394
-0.023285470085470085     -1403184.600494534
-0.02320662781662782      -1414883.065303776
-0.023127785547785547     -1426516.0366632892
-0.02304894327894328      -1438149.0080227866
-0.02297010101010101      -1449781.9793822896
-0.022891258741258746     -1461414.9507417937
-0.02281241647241647      -1473047.9221012935
-0.022733574203574206     -1484680.8934608009
-0.022654731934731935     -1496313.8648202973
-0.022575889665889665     -1507946.8361797882
-0.022497047397047398     -1519579.8075393122
-0.02241820512820513      -1531285.8483220385
-0.022340442890442895     -1542845.2929536803
-0.022262680652680653     -1554331.6681620893
-0.022184918414918417     -1565818.0433704848
-0.02210715617715618      -1577304.4185788806
-0.022029393939393942     -1588790.793787277
-0.0219516317016317       -1600277.1689956856
-0.021873869463869468     -1611763.5442040847
-0.021796107226107225     -1623249.91941248
-0.02171834498834499      -1634736.294620862
-0.02164058275058275      -1646222.6698292864
-0.021562820512820515     -1657803.7564243425
-0.02148613830613831      -1668994.69110735
-0.021409456099456103     -1680090.91440366
-0.021332773892773892     -1691187.137699994
-0.021256091686091688     -1702283.360996312
-0.02117940947940948      -1713379.5842926463
-0.02110272727272727      -1724475.8075889715
-0.02102604506604507      -1735572.0308852994
-0.020949362859362858     -1746668.2541816176
-0.02087268065268065      -1757764.477477951
-0.020795998445998446     -1768860.7007742743
-0.02071931623931624      -1780073.2237909078
-0.020643714063714066     -1790665.020851897
-0.02056811188811189      -1801140.5181926098
-0.02049250971250971      -1811616.0155333069
-0.020416907536907537     -1822091.5128740072
-0.020341305361305365     -1832567.0102147108
-0.020265703185703185     -1843042.507555402
-0.020190101010101016     -1853518.0048961102
-0.020114498834498833     -1863993.5022368096
-0.02003889665889666      -1874468.9995775083
-0.019963294483294484     -1884944.4969182222
-0.019887692307692308     -1895535.3057629252
-0.019813170163170166     -1905266.3723316952
-0.019738648018648018     -1914882.1273964513
-0.019664125874125873     -1924497.8824612075
-0.019589603729603732     -1934113.6375259508
-0.01951508158508159      -1943729.392590717
-0.019440559440559443     -1953345.1476554663
-0.0193660372960373       -1962960.9027202264
-0.019291515151515153     -1972576.6577849728
-0.01921699300699301      -1982192.4128497262
-0.019142470862470864     -1991808.1679144837
-0.01906794871794872      -2001481.3207473399
-0.018994506604506606     -2010103.1379750462
-0.01892106449106449      -2018667.5574346338
-0.018847622377622376     -2027231.9768942157
-0.018774180264180262     -2035796.3963538138
-0.01870073815073815      -2044360.815813403
-0.018627296037296032     -2052925.2352729903
-0.018553853923853923     -2061489.6547325868
-0.018480411810411806     -2070054.0741921717
-0.018406969696969692     -2078618.4936517742
-0.018333527583527576     -2087182.9131113547
-0.018260085470085466     -2095723.4212426897
-0.018187723387723384     -2102976.3474671417
-0.018115361305361302     -2110253.1850198535
-0.01804299922299922      -2117530.022572583
-0.01797063714063714      -2124806.8601252753
-0.01789827505827506      -2132083.6976779983
-0.01782591297591297      -2139360.5352307083
-0.017753550893550893     -2146637.3727834215
-0.017681188811188808     -2153914.2103361445
-0.017608826728826726     -2161191.047888821
-0.017536464646464644     -2168467.885441553
-0.017464102564102562     -2175926.7986964677
-0.01739282051282051      -2181948.383540558
-0.01732153846153846      -2187787.8926824457
-0.01725025641025641      -2193627.4018243067
-0.017178974358974364     -2199466.910966206
-0.01710769230769231      -2205306.420108076
-0.017036410256410256     -2211145.929249962
-0.01696512820512821      -2216985.438391839
-0.01689384615384615      -2222824.947533724
-0.016822564102564105     -2228664.4566755896
-0.01675128205128205      -2234503.965817477
-0.01668                  -2240416.8446718557
-0.01660979797979798      -2244837.8389206403
-0.01653959595959596      -2249185.4634569264
-0.016469393939393936     -2253533.087993225
-0.016399191919191917     -2257880.7125295135
-0.0163289898989899       -2262228.337065812
-0.016258787878787873     -2266575.9616021025
-0.016188585858585857     -2270923.5861383937
-0.01611838383838383      -2275271.210674693
-0.016048181818181812     -2279618.835210982
-0.01597797979797979      -2283966.4597472763
-0.01590777777777777      -2288220.115733448
-0.015838655788655783     -2290882.1354468996
-0.015769533799533792     -2293638.1237104484
-0.015700411810411805     -2296394.1119740075
-0.015631289821289817     -2299150.1002375777
-0.01556216783216783      -2301906.0885011423
-0.015493045843045838     -2304662.07676471
-0.015423923853923854     -2307418.0650282763
-0.015354801864801862     -2310174.053291843
-0.015285679875679874     -2312930.0415553995
-0.015216557886557883     -2315686.029818951
-0.015147435897435897     -2318276.7558807125
-0.015079393939393941     -2319234.362137118
-0.015011351981351981     -2320357.230595353
-0.014943310023310022     -2321480.0990535617
-0.014875268065268066     -2322602.9675117834
-0.01480722610722611      -2323725.835970016
-0.014739184149184148     -2324848.7044282244
-0.014671142191142194     -2325971.572886443
-0.01460310023310023      -2327094.4413446733
-0.014535058275058273     -2328217.309802882
-0.014467016317016317     -2329340.178261111
-0.014398974358974357     -2330345.7587391296
-0.014332012432012433     -2329715.5773291807
-0.014265050505050503     -2329202.683899416
-0.014198088578088575     -2328689.790469656
-0.014131126651126648     -2328176.8970399047
-0.014064164724164724     -2327664.0036101444
-0.013997202797202795     -2327151.1101803784
-0.013930240870240867     -2326638.2167506283
-0.013863278943278939     -2326125.3233208735
-0.013796317016317013     -2325612.4298911127
-0.013729355089355084     -2325099.5364613496
-0.013662393162393158     -2324464.7555754064
-0.013596511266511263     -2322277.010936474
-0.013530629370629366     -2320211.153753756
-0.01346474747474747      -2318145.2965710154
-0.013398865578865576     -2316079.439388286
-0.01333298368298368      -2314013.5822055573
-0.013267101787101783     -2311947.725022823
-0.01320121989121989      -2309881.867840097
-0.01313533799533799      -2307816.010657371
-0.013069456099456096     -2305750.153474637
-0.0130035742035742       -2303684.296291929
-0.012937692307692305     -2301490.004974275
-0.012872890442890441     -2297729.8391785296
-0.012808088578088576     -2294098.1075177197
-0.01274328671328671      -2290466.375856898
-0.012678484848484845     -2286834.6441960908
-0.012613682983682982     -2283202.9125352674
-0.012548881118881113     -2279571.180874447
-0.012484079254079251     -2275939.4492136263
-0.012419277389277384     -2272307.717552817
-0.012354475524475519     -2268675.9858919806
-0.012289673659673653     -2265044.25423118
-0.012224871794871788     -2261673.241478104
-0.012161149961149956     -2256937.500068053
-0.012097428127428122     -2251941.039750261
-0.012033706293706287     -2246944.579432439
-0.011969984459984456     -2241948.1191146397
-0.01190626262626262      -2236951.65879684
-0.011842540792540785     -2231955.1984790266
-0.011778818958818955     -2226958.73816123
-0.011715097125097119     -2221962.2778434316
-0.011651375291375287     -2216965.81752561
-0.011587653457653451     -2211969.3572078203
-0.011523931623931618     -2206829.912028081
-0.011461289821289817     -2200461.644815948
-0.011398648018648013     -2194236.362465762
-0.011336006216006209     -2188011.080115539
-0.01127336441336441      -2181785.7977653444
-0.011210722610722606     -2175560.515415138
-0.011148080808080803     -2169335.233064944
-0.011085439005439002     -2163109.950714738
-0.011022797202797197     -2156884.668364542
-0.010960155400155398     -2150659.386014326
-0.010897513597513592     -2144434.1036641337
-0.010834871794871791     -2138220.3152864412
-0.01077331002331002      -2130871.0230545704
-0.010711748251748247     -2123510.23685019
-0.010650186480186475     -2116149.4506458105
-0.010588624708624705     -2108788.664441439
-0.010527062937062933     -2101427.8782370565
-0.01046550116550116      -2094067.092032683
-0.010403939393939392     -2086706.3058282952
-0.010342377622377616     -2079345.519623931
-0.010280815850815847     -2071984.73341954
-0.010219254079254076     -2064623.9472151725
-0.010157692307692305     -2057133.5073145623
-0.010097210567210566     -2048699.2587464617
-0.010036728826728826     -2040394.663874576
-0.009976247086247083     -2032090.069002701
-0.009915765345765343     -2023785.4741308212
-0.009855283605283604     -2015480.8792589412
-0.009794801864801861     -2007176.2843870583
-0.009734320124320123     -1998871.689515181
-0.009673838383838382     -1990567.0946432934
-0.00961335664335664      -1982262.4997714162
-0.0095528749028749       -1973957.9048995413
-0.00949239316239316      -1965639.3225280163
-0.009432991452991452     -1956471.158536808
-0.00937358974358974      -1947316.9820452346
-0.00931418803418803      -1938162.8055536672
-0.009254786324786324     -1929008.6290621008
-0.009195384615384614     -1919854.4525705301
-0.009135982905982902     -1910700.2760789567
-0.009076581196581194     -1901546.0995873888
-0.009017179487179484     -1892391.9230958202
-0.008957777777777775     -1883237.7466042533
-0.008898376068376066     -1874083.570112684
-0.008838974358974357     -1864889.7817246267
-0.00878065268065268      -1855067.5432809617
-0.008722331002331        -1845284.9167337818
-0.008664009324009323     -1835502.2901866096
-0.008605687645687646     -1825719.6636394318
-0.008547365967365968     -1815937.037092256
-0.008489044289044288     -1806154.4105450774
-0.008430722610722613     -1796371.7839978978
-0.008372400932400931     -1786589.157450724
-0.008314079254079254     -1776806.5309035447
-0.008255757575757576     -1767023.9043563714
-0.008197435897435898     -1757188.8985144834
-0.00814019425019425      -1746815.4514002742
-0.008082952602952602     -1736494.3835807554
-0.008025710955710955     -1726173.3157612549
-0.007968469308469308     -1715852.2479417536
-0.007911227661227661     -1705531.1801222449
-0.007853986013986014     -1695210.112302738
-0.007796744366744367     -1684889.0444832356
-0.0077395027195027175    -1674567.9766637292
-0.007682261072261071     -1664246.9088442232
-0.007625019425019423     -1653925.8410247152
-0.007567777777777776     -1643562.479563382
-0.00751161616161616      -1632817.35752324
-0.007455454545454543     -1622114.5291249284
-0.007399292929292927     -1611411.7007266178
-0.0073431313131313136    -1600708.872328307
-0.007286969696969696     -1590006.0439299955
-0.00723080808080808      -1579303.2155316826
-0.007174646464646465     -1568600.3871333702
-0.007118484848484847     -1557897.5587350589
-0.007062323232323232     -1547194.7303367392
-0.007006161616161615     -1536491.901938437
-0.00695                  -1525702.4586873038
-0.0068949184149184155    -1514645.54186648
-0.006839836829836829     -1503675.2398984765
-0.006784755244755243     -1492704.9379304645
-0.006729673659673659     -1481734.6359624558
-0.006674592074592075     -1470764.3339944528
-0.006619510489510489     -1459794.0320264427
-0.006564428904428904     -1448823.7300584377
-0.006509347319347318     -1437853.4280904296
-0.006454265734265734     -1426883.1261224174
-0.006399184149184148     -1415912.8241544135
-0.006344102564102563     -1404941.878013302
-0.00629010101010101      -1393791.6770351906
-0.006236099456099454     -1382642.1202301825
-0.0061820979020979       -1371492.5634251763
-0.006128096348096346     -1360343.0066201685
-0.006074094794094793     -1349193.4498151636
-0.006020093240093238     -1338043.893010158
-0.005966091686091685     -1326894.336205151
-0.005912090132090129     -1315744.7794001445
-0.005858088578088576     -1304595.2225951392
-0.005804087024087022     -1293445.6657901306
-0.005750085470085467     -1282274.8407817117
-0.005697163947163945     -1271038.0362990573
-0.005644242424242422     -1259822.5000198155
-0.0055913209013208984    -1248606.9637405756
-0.005538399378399376     -1237391.4274613294
-0.005485477855477854     -1226175.8911820871
-0.00543255633255633      -1214960.3549028446
-0.005379634809634808     -1203744.8186236045
-0.005326713286713284     -1192529.2823443566
-0.005273791763791762     -1181313.7460651172
-0.005220870240870239     -1170098.2097858766
-0.0051679487179487164    -1158855.4829850248
-0.005116107226107226     -1147614.0150748622
-0.005064265734265733     -1136399.7376863116
-0.005012424242424241     -1125185.460297764
-0.00496058275058275      -1113971.1829092086
-0.004908741258741259     -1102756.9055206568
-0.004856899766899766     -1091542.628132105
-0.004805058275058276     -1080328.3507435545
-0.0047532167832167824    -1069114.0733549981
-0.004701375291375292     -1057899.7959664476
-0.004649533799533799     -1046685.5185778972
-0.004597692307692308     -1035443.3174465832
-0.004546930846930848     -1024261.2132938205
-0.004496169386169386     -1013107.0328838184
-0.004445407925407925     -1001952.8524738132
-0.004394646464646465     -990798.6720638098
-0.004343885003885004     -979644.4916538063
-0.004293123543123542     -968490.3112438037
-0.004242362082362082     -957336.1308338002
-0.00419160062160062      -946181.9504237985
-0.004140839160839161     -935027.7700137937
-0.004090077700077699     -923873.5896037932
-0.004039316239316238     -912709.8593185754
-0.003989634809634809     -901656.8462181888
-0.003939953379953379     -890613.3829930188
-0.0038902719502719495    -879569.9197678465
-0.0038405905205905204    -868526.4565426753
-0.003790909090909091     -857482.9933175064
-0.0037412276612276605    -846439.5300923343
-0.0036915462315462323    -835396.0668671632
-0.003641864801864801     -824352.603641993
-0.0035921833721833728    -813309.1404168219
-0.0035425019425019432    -802265.6771916497
-0.0034928205128205133    -791221.2931176918
-0.003444219114219115     -780324.7245698058
-0.003395617715617716     -769429.076870707
-0.0033470163170163172    -758533.4291716084
-0.003298414918414919     -747637.7814725103
-0.00324981351981352      -736742.1337734119
-0.0032012121212121212    -725846.4860743136
-0.003152610722610723     -714950.838375215
-0.0031040093240093237    -704055.1906761162
-0.0030554079254079256    -693159.5429770175
-0.0030068065268065262    -682263.8952779201
-0.0029582051282051277    -671367.8170989186
-0.0029106837606837606    -660651.5540045568
-0.002863162393162393     -649935.7213900951
-0.002815641025641025     -639219.8887756369
-0.0027681196581196576    -628504.0561611761
-0.0027205982905982905    -617788.2235467165
-0.002673076923076922     -607072.3909322566
-0.002625555555555555     -596356.5583177963
-0.0025780341880341875    -585640.725703336
-0.00253051282051282      -574924.893088877
-0.0024829914529914524    -564209.0604744165
-0.002435470085470085     -553489.4058320384
-0.002389028749028749     -542970.9069184307
-0.0023425874125874123    -532456.2300327416
-0.0022961460761460758    -521941.5531470545
-0.00224970473970474      -511426.8762613653
-0.0022032634032634036    -500912.1993756771
-0.002156822066822067     -490397.52248998825
-0.002110380730380731     -479882.84560430003
-0.002063939393939394     -469368.16871861106
-0.0020174980574980575    -458853.4918329228
-0.0019710567210567214    -448338.81494723464
-0.001924615384615385     -437821.0017952029
-0.00187925407925408      -427519.05359995656
-0.0018338927738927742    -417220.2416710535
-0.0017885314685314687    -406921.4297421491
-0.0017431701631701638    -396622.61781324557
-0.0016978088578088583    -386323.8058843416
-0.0016524475524475528    -376024.99395543814
-0.0016070862470862477    -365726.18202653393
-0.0015617249417249422    -355427.3700976304
-0.0015163636363636369    -345128.55816872645
-0.0014710023310023311    -334829.7462398224
-0.001425641025641026     -324528.8721043123
-0.0013813597513597517    -314455.2392741728
-0.0013370784770784774    -304383.6686506397
-0.0012927972027972031    -294312.09802710667
-0.001248515928515929     -284240.52740357374
-0.0012042346542346547    -274168.9567800405
-0.0011599533799533802    -264097.38615650765
-0.0011156721056721063    -254025.81553297458
-0.0010713908313908316    -243954.24490944154
-0.0010271095571095575    -233882.67428590835
-9.82828282828283E-4      -223811.10366237527
-9.385470085470087E-4     -213738.281216716
-8.953457653457656E-4     -203901.05335836258
-8.521445221445223E-4     -194065.0773221357
-8.089432789432791E-4     -184229.1012859087
-7.657420357420359E-4     -174393.12524968167
-7.225407925407927E-4     -164557.1492134548
-6.793395493395494E-4     -154721.17317722787
-6.361383061383064E-4     -144885.19714100097
-5.92937062937063E-4      -135049.22110477398
-5.497358197358199E-4     -125213.24506854707
-5.065345765345767E-4     -115377.26903232012
-4.633333333333335E-4     -105539.66921536734
-4.212121212121214E-4     -95943.44362719503
-3.7909090909090927E-4    -86348.84181974854
-3.3696969696969713E-4    -76754.2400123021
-2.9484848484848494E-4    -67159.63820485564
-2.527272727272728E-4     -57565.03639740916
-2.1060606060606065E-4    -47970.43458996271
-1.6848484848484857E-4    -38375.83278251625
-1.2636363636363637E-4    -28781.230975069808
-8.424242424242428E-5     -19186.629167623356
-4.212121212121214E-5     -9592.027360176891
0                         2.5744472695679606
0                         5.498110245645272
4.212121212121242E-5      9600.186710348778
8.424242424242472E-5      19194.875310451895
1.263636363636371E-4      28789.56391055503
1.6848484848484954E-4     38384.25251065814
2.1060606060606195E-4     47978.94111076127
2.527272727272743E-4      57573.629710864385
2.9484848484848667E-4     67168.31831096752
3.36969696969699E-4       76763.00691107064
3.7909090909091144E-4     86357.69551117379
4.2121212121212374E-4     95952.38411127687
4.6333333333333616E-4     105549.63769671548
5.065345765345791E-4      115387.96564949976
5.497358197358218E-4      125223.72861694853
5.929370629370648E-4      135059.4915843974
6.361383061383078E-4      144895.25455184618
6.793395493395507E-4      154731.01751929498
7.225407925407935E-4      164566.78048674372
7.657420357420365E-4      174402.54345419258
8.089432789432792E-4      184238.30642164135
8.521445221445221E-4      194074.06938909012
8.953457653457649E-4      203909.8323565388
9.385470085470078E-4      213746.7523914713
9.828282828282823E-4      223819.34736315426
0.0010271095571095562     233890.78526735332
0.0010713908313908305     243962.22317155235
0.001115672105672105      254033.6610757515
0.0011599533799533791     264105.09897995077
0.0012042346542346532     274176.53688414977
0.0012485159285159277     284247.974788349
0.0012927972027972018     294319.4126925482
0.0013370784770784761     304390.8505967472
0.0013813597513597504     314462.28850094625
0.0014256410256410247     324537.1637358727
0.00147100233100233       334839.0431491025
0.0015163636363636351     345137.48523160495
0.00156172494172494       355435.92731410783
0.0016070862470862458     365734.36939660995
0.0016524475524475508     376032.81147911254
0.0016978088578088557     386331.25356161536
0.0017431701631701612     396629.6956441177
0.0017885314685314661     406928.1377266202
0.0018338927738927712     417226.5798091229
0.0018792540792540763     427525.0218916254
0.0019246153846153816     437830.42339534184
0.0019710567210567183     448350.9870920746
0.0020174980574980544     458864.5913675931
0.0020639393939393914     469378.19564311247
0.002110380730380728      479891.7999186312
0.002156822066822065      490405.40419415035
0.0022032634032634005     500919.0084696695
0.0022497047397047375     511432.61274518835
0.0022961460761460736     521946.2170207073
0.0023425874125874106     532459.821296227
0.0023890287490287467     542973.4255717449
0.0024354700854700836     553496.6340284277
0.0024829914529914516     564221.0604090373
0.0025305128205128187     574935.882608484
0.002578034188034186      585650.7048079295
0.002625555555555554      596365.5270073769
0.002673076923076922      607080.3492068226
0.002720598290598289      617795.1714062684
0.002768119658119657      628509.9936057144
0.0028156410256410247     639224.8158051616
0.0028631623931623922     649939.6380046088
0.0029106837606837598     660654.4602040531
0.0029582051282051273     671378.0936626839
0.0030068065268065267     682279.1380486528
0.0030554079254079248     693171.371175439
0.0031040093240093233     704063.604302222
0.003152610722610723      714955.8374290081
0.0032012121212121217     725848.070555792
0.0032498135198135198     736740.303682577
0.0032984149184149196     747632.5368093608
0.0033470163170163172     758524.769936147
0.0033956177156177166     769417.003062932
0.003444219114219115      780309.2361897145
0.003492820512820514      791213.3585284872
0.003542501942501944      802268.2279726156
0.003592183372183373      813311.2082047554
0.0036418648018648027     824354.1884368958
0.003691546231546233      835397.1686690381
0.0037412276612276626     846440.148901178
0.0037909090909090913     857483.1291333194
0.003840590520590522      868526.1093654593
0.00389027195027195       879569.0895976009
0.00393995337995338       890612.069829743
0.003989634809634809      901655.0500618811
0.00403931623931624       912717.8244790938
0.004090077700077701      923893.1268727303
0.004140839160839161      935048.6350812968
0.004191600621600621      946204.1432898673
0.004242362082362083      957359.6514984338
0.004293123543123544      968515.1597069991
0.004343885003885003      979670.6679155664
0.004394646464646465      990826.1761241355
0.004445407925407924      1001981.6843326994
0.004496169386169385      1013137.1925412696
0.004546930846930845      1024292.7007498366
0.004597692307692306      1035452.4064377638
0.0046495337995337985     1046669.4878877271
0.004701375291375289      1057882.371858332
0.004753216783216781      1069095.255828937
0.004805058275058274      1080308.1397995409
0.004856899766899765      1091521.023770146
0.004908741258741257      1102733.90774075
0.004960582750582749      1113946.7917113528
0.005012424242424239      1125159.6756819587
0.005064265734265732      1136372.5596525634
0.005116107226107223      1147585.4436231665
0.005167948717948715      1158857.976244092
0.005220870240870239      1170128.9967268552
0.005273791763791761      1181340.3685592965
0.0053267132867132845     1192551.740391735
0.005379634809634808      1203763.1122241798
0.005432556332556332      1214974.4840566197
0.005485477855477853      1226185.8558890612
0.005538399378399379      1237397.2277215023
0.005591320901320901      1248608.599553945
0.005644242424242425      1259819.9713863865
0.005697163947163948      1271031.3432188244
0.005750085470085471      1282256.212476438
0.005804087024087025      1293416.3365277948
0.005858088578088578      1304562.9631539783
0.005912090132090132      1315709.5897801607
0.0059660916860916876     1326856.2164063442
0.006020093240093241      1338002.8430325263
0.006074094794094794      1349149.4696587154
0.006128096348096348      1360296.0962848945
0.006182097902097901      1371442.7229110799
0.006236099456099455      1382589.3495372606
0.006290101010101008      1393735.9761634418
0.0063441025641025614     1404889.659251967
0.006399184149184147      1415881.2221577726
0.006454265734265732      1426865.7286012424
0.006509347319347316      1437850.2350447036
0.006564428904428903      1448834.7414881734
0.006619510489510489      1459819.247931633
0.006674592074592073      1470803.7543750985
0.006729673659673659      1481788.2608185671
0.006784755244755243      1492772.767262033
0.00683983682983683       1503757.2737054974
0.006894918414918413      1514741.7801489606
0.006949999999999999      1525686.436062824
0.007006161616161615      1536364.9189573722
0.007062323232323231      1547083.2523815178
0.007118484848484847      1557801.585805671
0.007174646464646464      1568519.919229817
0.007230808080808081      1579238.25265397
0.007286969696969695      1589956.5860781223
0.0073431313131313136     1600674.9195022713
0.007399292929292927      1611393.2529264241
0.007455454545454545      1622111.5863505756
0.007511616161616159      1632829.919774721
0.007567777777777776      1643568.6760011245
0.007625019425019423      1653904.4634243273
0.00768226107226107       1664219.8280452664
0.007739502719502717      1674535.192666209
0.007796744366744365      1684850.5572871552
0.007853986013986012      1695165.9219080976
0.00791122766122766       1705481.286529039
0.007968469308469306      1715796.6511499877
0.008025710955710953      1726112.0157709299
0.008082952602952602      1736427.3803918792
0.008140194250194249      1746742.7450128114
0.008197435897435896      1757082.681335286
0.008255757575757574      1766923.9118346132
0.008314079254079253      1776740.5706324135
0.00837240093240093       1786557.229430231
0.008430722610722608      1796373.888228033
0.008489044289044286      1806190.547025841
0.008547365967365963      1816007.2058236431
0.008605687645687643      1825823.864621447
0.00866400932400932       1835640.5234192451
0.008722331002330998      1845457.1822170636
0.008780652680652675      1855273.8410148707
0.008838974358974353      1865047.279181247
0.008898376068376065      1874135.1940776694
0.008957777777777773      1883266.3296055358
0.009017179487179481      1892397.46513339
0.009076581196581193      1901528.600661249
0.009135982905982902      1910659.736189106
0.00919538461538461       1919790.871716961
0.009254786324786322      1928922.007244815
0.009314188034188028      1938053.1427726785
0.009373589743589742      1947184.2783005377
0.009432991452991448      1956315.4138283888
0.00949239316239316       1965518.1101206979
0.009552874902874901      1973909.562915402
0.009613356643356642      1982229.45494565
0.009673838383838382      1990549.3469758984
0.009734320124320123      1998869.2390061466
0.009794801864801866      2007189.1310363947
0.009855283605283604      2015509.0230666378
0.009915765345765345      2023828.9150968909
0.009976247086247086      2032148.8071271384
0.010036728826728828      2040468.699157393
0.010097210567210569      2048788.591187632
0.010157692307692309      2057178.5339820622
0.010219254079254081      2064602.072106607
0.01028081585081585       2071955.5594669667
0.010342377622377621      2079309.046827345
0.010403939393939394      2086662.5341877008
0.010465501165501165      2094016.0215480642
0.010527062937062936      2101369.508908439
0.010588624708624709      2108722.9962688033
0.010650186480186476      2116076.4836291545
0.010711748251748249      2123429.97098953
0.01077331002331002       2130783.458349894
0.010834871794871791      2138159.166349238
0.010897513597513595      2144438.1070306622
0.010960155400155396      2150694.827073095
0.011022797202797198      2156951.547115541
0.011085439005439002      2163208.267157974
0.011148080808080805      2169464.987200404
0.011210722610722607      2175721.7072428516
0.011273364413364413      2181978.427285284
0.011336006216006212      2188235.1473277193
0.011398648018648018      2194491.8673701645
0.011461289821289819      2200748.5874125944
0.011523931623931623      2207014.6950786384
0.011587653457653457      2211975.4636154864
0.01165137529137529       2216926.844528714
0.011715097125097123      2221878.225441954
0.011778818958818958      2226829.6063551717
0.011842540792540792      2231780.987268402
0.011906262626262622      2236732.3681816347
0.01196998445998446       2241683.7490948653
0.01203370629370629       2246635.1300080903
0.012097428127428126      2251586.5109213353
0.012161149961149958      2256537.8918345436
0.012224871794871792      2261668.0094952164
0.01228967365967366       2265432.448921038
0.012354475524475522      2269018.1515994137
0.012419277389277388      2272603.854277814
0.012484079254079255      2276189.556956198
0.012548881118881118      2279775.2596345795
0.012613682983682982      2283360.9623129778
0.012678484848484849      2286946.664991364
0.012743286713286714      2290532.3676697393
0.01280808857808858       2294118.070348137
0.012872890442890443      2297703.773026513
0.012937692307692308      2301333.800064901
0.013003574203574205      2303477.2607276975
0.0130694560994561        2305576.3970305272
0.013135337995337993      2307675.5333333462
0.01320121989121989       2309774.6696361643
0.013267101787101786      2311873.805938983
0.01333298368298368       2313972.9422418023
0.013398865578865578      2316072.0785446153
0.013464747474747471      2318171.214847443
0.01353062937062937       2320270.3511502724
0.013596511266511263      2322369.487453077
0.01366239316239316       2324623.9819593625
0.013729355089355088      2325268.553166606
0.013796317016317013      2325757.766170408
0.01386327894327894       2326246.979174199
0.013930240870240869      2326736.19217799
0.013997202797202797      2327225.4051817725
0.014064164724164722      2327714.6181855663
0.01413112665112665       2328203.8311893605
0.014198088578088573      2328693.0441931523
0.014265050505050501      2329182.2571969433
0.014332012432012431      2329671.4702007314
0.014398974358974357      2330249.8136288235
0.014467016317016319      2329240.357005569
0.014535058275058275      2328141.769958001
0.01460310023310023       2327043.1829104433
0.01467114219114219       2325944.595862879
0.014739184149184148      2324846.0088153207
0.014807226107226106      2323747.4217677643
0.014875268065268064      2322648.834720197
0.01494331002331002       2321550.2476726384
0.015011351981351981      2320451.660625097
0.015079393939393936      2319353.0735775097
0.015147435897435895      2318263.402047093
0.015216557886557886      2315547.530451696
0.015285679875679876      2312822.7433391623
0.015354801864801863      2310097.9562266227
0.015423923853923854      2307373.1691140938
0.015493045843045844      2304648.382001544
0.015562167832167831      2301923.5948890164
0.015631289821289824      2299198.8077764777
0.01570041181041181       2296474.0206639417
0.0157695337995338        2293749.233551405
0.01583865578865579       2291024.4464388746
0.015907777777777778      2288216.877827773
0.0159779797979798        2283811.815961433
0.016048181818181816      2279489.5355936717
0.016118383838383838      2275167.2552258894
0.01618858585858586       2270844.9748581066
0.01625878787878788       2266522.6944903256
0.0163289898989899        2262200.414122544
0.01639919191919192       2257878.1337547605
0.01646939393939394       2253555.853386977
0.01653959595959596       2249233.573019202
0.016609797979797978      2244911.292651422
0.01668                   2240515.063342996
0.016751282051282054      2234586.815192939
0.0168225641025641        2228732.5159835154
0.01689384615384615       2222878.2167740953
0.01696512820512821       2217023.917564675
0.01703641025641026       2211169.6183552565
0.017107692307692306      2205315.3191458443
0.017178974358974364      2199461.019936415
0.017250256410256407      2193606.7207270153
0.01732153846153846       2187752.42151758
0.01739282051282051       2181898.1223081495
0.017464102564102562      2175987.6414302136
0.017536464646464647      2168631.6490168953
0.01760882672882673       2161331.8382721255
0.01768118881118881       2154032.0275273197
0.017753550893550893      2146732.2167825657
0.017825912975912978      2139432.4060377767
0.017898275058275053      2132132.5952930055
0.01797063714063714       2124832.7845482198
0.018042999222999217      2117532.973803458
0.018115361305361306      2110233.163058667
0.01818772338772338       2102933.3523138845
0.018260085470085466      2095612.1158950466
0.018333527583527583      2087044.6143909732
0.018406969696969692      2078498.5385609532
0.018480411810411802      2069952.4627309148
0.018553853923853923      2061406.3869008773
0.01862729603729604       2052860.3110708548
0.018700738150738146      2044314.235240831
0.018774180264180262      2035768.1594108047
0.018847622377622372      2027222.083580769
0.018921064491064492      2018676.007750748
0.018994506604506602      2010129.9319207098
0.01906794871794872       2001535.6746270815
0.019142470862470867      1991857.4979098109
0.01921699300699301       1982227.5026561285
0.019291515151515153      1972597.5074024533
0.019366037296037298      1962967.5121487905
0.019440559440559443      1953337.5168951117
0.019515081585081587      1943707.521641439
0.019589603729603736      1934077.526387763
0.019664125874125877      1924447.5311340955
0.01973864801864802       1914817.5358804304
0.019813170163170163      1905187.540626747
0.01988769230769231       1895493.08327301
0.019963294483294487      1884950.5757960437
0.02003889665889666       1874472.5304191378
0.020114498834498833      1863994.4850422316
0.020190101010101016      1853516.4396653334
0.02026570318570319       1843038.3942884193
0.02034130536130536       1832560.3489115208
0.02041690753690754       1822082.3035346186
0.02049250971250971       1811604.258157717
0.020568111888111886      1801126.2127808118
0.020643714063714062      1790648.1674039
0.02071931623931624       1780079.7893533236
0.02079599844599845       1768882.5788684376
0.02087268065268065       1757775.7010572478
0.020949362859362858      1746668.8232460422
0.021026045066045065      1735561.9454348409
0.021102727272727276      1724455.067623636
0.021179409479409477      1713348.1898124411
0.021256091686091688      1702241.312001246
0.021332773892773892      1691134.4341900346
0.0214094560994561        1680027.5563788572
0.0214861383061383        1668920.6785676389
0.02156282051282051       1657740.4085700726
0.02164058275058275       1646184.9266972549
0.021718344988344986      1634702.8370107822
0.021796107226107225      1623220.747324319
0.021873869463869464      1611738.657637846
0.0219516317016317        1600256.5679513842
0.022029393939393932      1588774.4782649167
0.022107156177156178      1577292.3885784585
0.02218491841491841       1565810.298892
0.022262680652680646      1554328.2092055317
0.022340442890442888      1542846.119519059
0.022418205128205124      1531265.2614957925
0.022497047397047398      1519537.1080126911
0.022575889665889665      1507907.7228663964
0.022654731934731935      1496278.337720096
0.022733574203574202      1484648.952573808
0.02281241647241648       1473019.5674275144
0.022891258741258743      1461390.1822812178
0.022970101010101013      1449760.797134927
0.02304894327894328       1438131.4119886304
0.02312778554778555       1426502.0268423453
0.02320662781662782       1414872.6416960375
0.02328547008547009       1403176.260280015
0.02336539238539239       1391556.156450757
0.023445314685314685      1380003.0488912377
0.023525236985236984      1368449.9413317235
0.02360515928515929       1356896.8337722055
0.02368508158508159       1345343.7262126927
0.023765003885003883      1333790.6186531752
0.02384492618492619       1322237.5110936563
0.023924848484848486      1310684.4035341446
0.024004770784770788      1299131.295974635
0.02408469308469309       1287578.1884151096
0.02416461538461539       1275948.3136170814
0.024245617715617722      1264601.3892934902
0.02432662004662005       1253331.2322084247
0.024407622377622378      1242061.0751233695
0.02448862470862471       1230790.9180383044
0.02456962703962704       1219520.7609532485
0.024650629370629368      1208250.603868188
0.0247316317016317        1196980.4467831203
0.024812634032634024      1185710.2896980594
0.024893636363636364      1174440.1326130156
0.024974638694638687      1163169.9755279308
0.02505564102564102       1151782.673389601
0.025137723387723382      1140826.2974120732
0.025219805749805743      1129987.0664878204
0.025301888111888104      1119147.8355635768
0.025383970473970473      1108308.604639317
0.025466052836052834      1097469.3737150594
0.025548135198135192      1086630.1427908065
0.025630217560217557      1075790.9118665492
0.025712299922299914      1064951.680942289
0.02579438228438228       1054112.4500180476
0.02587646464646464       1043273.2190937833
0.025958547008547002      1032422.1533948227
0.026041709401709398      1022138.0110432648
0.02612487179487179       1011865.7034664482
0.026208034188034184      1001593.3958896099
0.02629119658119658       991321.0883127794
0.026374358974358973      981048.7807359385
0.026457521367521362      970776.4731591077
0.02654068376068376       960504.1655822743
0.026623846153846147      950231.8580054442
0.026707008547008547      939959.5504286111
0.026790170940170936      929687.2428517716
0.026873333333333332      919380.9122148895
0.026957575757575757      909746.4079385182
0.02704181818181818       900145.926722173
0.027126060606060605      890545.445505848
0.027210303030303036      880944.9642895166
0.02729454545454546       871344.4830731917
0.027378787878787877      861744.0018568636
0.027463030303030305      852143.5206405354
0.027547272727272726      842543.0394242048
0.02763151515151515       832942.5582078918
0.027715757575757574      823342.0769915454
0.0278                    813741.5957752242
0.0278                    813832.6455255352
0.027884242424242426      805060.6753222836
0.027968484848484847      796288.7051190458
0.028052727272727267      787516.7349158096
0.028136969696969695      778744.7647125635
0.02822121212121212       769972.7945093195
0.02830545454545454       761200.8243060804
0.028389696969696968      752428.854102836
0.028473939393939385      743656.8838995909
0.02855818181818181       734884.9136963484
0.028642424242424233      726112.9434931077
0.028726666666666657      717271.5365522718
0.028815342902711316      708885.7657556962
0.02890401913875597       700569.4316967077
0.028992695374800627      692253.0976377289
0.02908137161084529       683936.7635787404
0.02917004784688995       675620.4295197469
0.029258724082934603      667304.0954607654
0.02934740031897926       658987.7614017732
0.029436076555023918      650671.4273427902
0.029524752791068573      642355.0932838073
0.029613429027113235      634038.759224813
0.02970210526315789       625709.6331016873
0.029795215311004784      617915.4021567574
0.02988832535885167       610133.9632759668
0.029981435406698557      602352.524395172
0.030074545454545454      594571.0855143815
0.030167655502392345      586789.6466335909
0.03026076555023923       579008.2077527982
0.03035387559808612       571226.7688720077
0.030446985645933008      563445.3299912133
0.030540095693779905      555663.8911104265
0.030633205741626788      547882.4522296303
0.030726315789473678      540173.266951451
0.030823859649122803      533090.8258652668
0.030921403508771924      525936.1311764669
0.031018947368421045      518781.4364876738
0.031116491228070173      511626.7417988773
0.031214035087719298      504472.0471100808
0.03131157894736841       497317.35242128617
0.03140912280701754       490162.6577324915
0.03150666666666666       483007.963043696
0.03160421052631579       475853.26835490396
0.03170175438596491       468698.57366610336
0.03179929824561404       461509.30113663885
0.031901275917065396      455023.78863344446
0.03200325358851675       448572.85397093673
0.0321052312599681        442121.91930841876
0.03220720893141946       435670.9846459036
0.03230918660287081       429220.0499833863
0.03241116427432217       422769.1153208722
0.03251314194577353       416318.1806583557
0.03261511961722487       409867.2459958405
0.03271709728867623       403416.3113333266
0.032819074960127585      396965.3766708109
0.03292105263157894       390450.86066112394
0.03302746411483253       384632.2360649956
0.033133875598086115      378877.1928160429
0.033240287081339706      373122.1495670859
0.0333466985645933        367367.10631813254
0.03345311004784689       361612.06306917797
0.033559521531100464      355857.01982022164
0.03366593301435406       350101.97657126863
0.033772344497607645      344346.93332231406
0.033878755980861236      338591.8900733589
0.03398516746411482       332836.84682440484
0.03409157894736841       327042.6610103848
0.034202424242424236      321939.76593611704
0.034313269537480054      316876.0134269137
0.03442411483253588       311812.2609177137
0.034534960127591705      306748.5084085113
0.03464580542264753       301684.7558993111
0.03475665071770335       296621.0033901087
0.034867496012759173      291557.2508809092
0.034978341307814985      286493.4983717072
0.03508918660287082       281429.7458625049
0.035200031897926636      276365.9933533024
0.035310877192982454      271356.35935507296
0.035426156299840514      267020.70445343916
0.03554143540669856       262630.93104082986
0.035656714513556606      258241.157628223
0.03577199362041467       253851.38421561546
0.035887272727272726      249461.6108030098
0.03600255183413078       245071.8373904023
0.03611783094098884       240682.06397779568
0.03623311004784688       236292.29056518746
0.03634838915470494       231902.51715258168
0.03646366826156299       227512.74373997212
0.036578947368421044      223072.7062874537
0.03669866028708133       219280.6749264688
0.03681837320574162       215538.90760539792
0.0369380861244019        211797.1402843292
0.037057799043062195      208055.37296325693
0.037177511961722476      204313.60564218718
0.03729722488038276       200571.83832111675
0.03741693779904305       196830.0710000469
0.03753665071770333       193088.30367897562
0.03765636363636363       189346.53635790566
0.03777607655502391       185604.76903683617
0.037895789473684195      181820.15738409033
0.03801993620414672       178614.0847986304
0.03814408293460923       175450.85654484827
0.03826822966507175       172287.62829106595
0.03839237639553428       169124.40003728188
0.0385165231259968        165961.17178349913
0.03864066985645931       162797.94352971585
0.03876481658692184       159634.7152759333
0.03888896331738435       156471.48702214856
0.039013110047846876      153308.25876836703
0.03913725677830939       150145.0305145841
0.039261403508771914      146929.52826148173
0.03938998405103667       144237.2421003147
0.039518564593301414      141597.2299384684
0.039647145135566164      138957.21777662192
0.03977572567783092       136317.20561477452
0.039904306220095685      133677.1934529277
0.04003288676236043       131037.18129108052
0.04016146730462519       128397.16912923359
0.040290047846889936      125757.15696738605
0.0404186283891547        123117.14480553957
0.04054720893141944       120477.13264369352
0.0406757894736842        117891.90690822278
0.04080880382775119       115757.08442307862
0.040941818181818176      113567.47551155876
0.041074832535885154      111377.86660003912
0.04120784688995215       109188.25768851704
0.04134086124401913       106998.64877699706
0.041473875598086116      104809.03986547669
0.041606889952153114      102619.43095395605
0.041739904306220085      100429.82204243468
0.04187291866028708       98240.21313091536
0.042005933014354055      96050.60421939558
0.04213894736842105       93856.18357456962
0.042276395534290266      92086.98325794426
0.04241384370015948       90322.59467462373
0.0425512918660287        88558.20609130301
0.042688740031897925      86793.81750798185
0.042826188197767144      85029.42892466104
0.04296363636363636       83265.04034134021
0.04310108452950558       81500.65175801894
0.04323853269537479       79736.26317469854
0.043375980861244015      77971.87459137762
0.04351342902711322       76207.48600805663
0.04365087719298245       74436.04254827293
0.043792759170653894      73009.96701166943
0.04393464114832535       71590.94635152927
0.04407652312599679       70171.92569138906
0.04421840510366825       68752.90503124932
0.044360287081339704      67333.88437110877
0.04450216905901115       65914.8637109693
0.044644051036682605      64495.84305082901
0.04478593301435405       63076.82239068863
0.04492781499202551       61657.801730548934
0.045069696969696954      60238.78107040841
0.04521157894736841       58839.01313807322
0.045357894736842104      57735.96435410258
0.045504210526315786      56613.6628423265
0.04565052631578947       55491.36133055059
0.04579684210526315       54369.05981877426
0.04594315789473685       53246.758306998454
0.04608947368421053       52124.45679522275
0.046235789473684216      51002.15528344678
0.04638210526315789       49879.85377167065
0.04652842105263158       48757.5522598949
0.04667473684210527       47635.2507481183
0.04682105263157895       46529.37924584201
0.046971802232854874      45684.20833251858
0.04712255183413078       44822.607409696335
0.047273301435406694      43961.00648687358
0.047424051036682624      43099.40556405093
0.047574800637958534      42237.80464122835
0.04772555023923444       41376.20371840598
0.04787629984051037       40514.60279558322
0.04802704944178627       39653.001872760564
0.04817779904306219       38791.40094993829
0.04832854864433812       37929.80002711498
0.048479298245614026      37113.71845279471
0.04863448165869219       36520.85805702274
0.048789665071770336      35882.47831274859
0.04894484848484848       35244.098568474365
0.04910003189792664       34605.71882420025
0.049255215311004796      33967.33907992615
0.049410398724082934      33328.95933565209
0.0495655821371611        32690.57959137798
0.04972076555023923       32052.19984710398
0.049875948963317394      31413.82010283013
0.050031132376395546      30775.440358555737
0.05018631578947369       30133.195481372746
0.05034593301435408       29690.7974616477
0.050505550239234455      29252.264574830864
0.05066516746411484       28813.73168801442
0.05082478468899523       28375.198801197985
0.050984401913875606      27936.66591438155
0.051144019138755985      27498.133027564898
0.05130363636363637       27059.6001407485
0.05146325358851675       26621.06725393199
0.051622870813397136      26182.534367115535
0.05178248803827752       25744.00148029912
0.0519421052631579        25316.020620448544
0.05210615629984052       25065.550018732487
0.052270207336523135      24804.52739005047
0.05243425837320574       24543.504761368775
0.05259830940988837       24282.48213268685
0.052762360446570976      24021.459504004983
0.05292641148325358       23760.436875323023
0.05309046251993622       23499.414246641198
0.05325451355661882       23238.39161795923
0.05341856459330144       22977.36898927749
0.05358261562998405       22716.34636059532
0.05374666666666666       22472.63451201722
0.05391515151515151       22402.37997539619
0.054083636363636355      22314.81465867103
0.0542521212121212        22227.24934194573
0.05442060606060606       22139.68402522084
0.05458909090909091       22052.118708496004
0.05475757575757575       21964.553391771165
0.0549260606060606        21876.98807504616
0.055094545454545445      21789.42275832123
0.0552630303030303        21701.857441595977
0.05543151515151515       21614.292124870964
0.0556                    21526.726808146148
